-7.7
26.6
-7.6
24.8
-4.5
-10.8
1.2
21.7
-6.7
28.2
-5.0
-10.2
24.0
29.3
7.4
24.9
23.6
24.9
-3.1
16.8
19.0
14.1
-8.7
12.4
12.8
6.1
-13.2
23.4
17.0
17.9
22.7
4.1
11.9
-4.9
-9.7
12.3
2.0
25.1
16.5
3.3
-2.6
26.0
18.3
14.0
15.5
21.9
-11.6
3.8
-12.4
-3.5
-11.7
21.4
-12.8
1.8
-1.5
-12.8
-12.6
-1.7
18.0
-5.1
-2.8
-1.3
-15.6
3.3
29.2
26.8
-15.7
17.1
9.7
9.7
12.4
-12.1
4.7
28.4
7.1
30.0
0.6
10.7
13.3
14.3
2.8
14.2
20.7
8.0
27.9
3.0
6.0
-15.3
4.0
17.6
-10.5
-3.7
-2.2
16.1
22.4
24.7
18.1
-14.9
-10.4
1.8
5.2
16.9
22.5
9.6
24.8
15.6
-14.0
-8.8
-12.3
7.6
4.8
-1.2
-14.0
25.3
15.6
30.4
10.9
24.2
-6.1
19.6
-10.2
16.3
20.2
3.2
-9.0
-15.3
-5.1
-15.7
-12.4
7.1
-12.7
-8.9
-12.4
26.8
29.7
7.6
-8.7
-3.7
-3.2
21.6
0.3
-3.9
23.0
13.7
8.1
27.0
29.7
29.8
28.0
13.0
-3.3
24.2
22.8
15.5
17.5
-13.3
-6.8
-8.9
17.3
17.7
21.8
2.0
-1.2
10.4
26.8
-11.1
25.1
-15.1
6.3
-2.3
-10.8
3.6
-14.6
-8.8
24.3
-7.2
-1.4
19.0
13.5
-8.6
-7.8
13.8
-14.4
19.1
25.0
11.9
16.3
-2.1
8.2
25.1
9.2
-5.2
26.1
23.0
1.1
19.1
-6.1
9.0
-5.4
-10.1
30.9
8.5
26.8
-9.4
12.5
16.3
-9.2
16.6
-3.8
9.6
25.8
29.9
28.8
11.2
9.8
-11.0
-4.6
-11.3
28.2
-12.3
20.3
9.5
0.9
-9.5
30.8
1.2
6.1
-13.6
-15.4
-11.0
14.3
-2.0
-8.0
-1.8
-14.7
24.9
14.7
8.7
12.0
-4.0
-7.3
17.7
17.0
-11.9
3.9
11.7
4.8
-4.4
20.2
11.2
-10.1
-11.0
12.1
12.4
16.3
10.0
11.2
-7.0
17.0
10.9
-4.1
-8.5
19.4
-15.0
21.6
17.2
-14.2
-4.8
5.6
16.6
15.5
13.2
-4.7
8.3
26.3
3.9
25.0
-10.4
-8.4
3.8
-15.1
27.7
30.9
-3.7
5.5
-13.8
21.5
-3.5
3.1
24.6
-1.3
16.7
14.1
24.1
14.2
11.9
0.2
-1.1
21.2
0.6
-7.8
-7.7
-6.4
-13.2
4.9
17.1
6.9
20.9
-9.1
-12.5
9.9
-15.7
4.5
16.8
-1.5
26.8
8.5
-7.2
-5.2
30.9
1.8
12.4
-4.0
20.3
7.6
21.5
18.7
29.1
4.0
1.8
23.4
7.6
1.0
13.3
-3.9
15.4
22.2
17.3
23.3
25.6
4.8
8.7
-14.0
-9.7
20.5
4.8
-13.4
28.3
25.9
16.5
-6.1
-1.9
-14.1
23.2
3.3
16.3
-2.9
-11.1
-13.5
-8.9
